14 12 3
A 4 0 4 3
" 6 0 0 3
# 10 0 10 0
# 11 0 10 5
@ 12 0 0 0
% 9 1 99 6
% 10 1 99 1
# 11 1 10 0
A 13 1 4 3
" 1 2 0 3
" 3 2 0 5
F 5 2 3 3
W 6 2 9 3
F 7 2 6 3
H 8 2 8 3 0 2
* 0 3 0 0
@ 2 3 0 3
@ 3 3 0 0
T 5 3 2 3
# 10 3 10 0
* 12 3 0 5
* 0 4 0 7
* 8 4 0 3
* 12 4 0 0
# 3 5 10 4
# 6 5 10 4
" 7 5 0 0
W 9 5 9 3
% 2 6 99 3
S 9 6 4 3
S 11 6 4 3
A 0 7 4 3
% 2 7 99 0
T 10 7 2 3
F 11 7 3 3
W 12 7 9 3
F 13 7 3 3
% 10 8 99 0
# 11 8 10 0
* 6 9 0 0
" 13 9 0 4
* 0 10 0 3
% 4 10 99 0
T 7 10 2 3
" 13 10 0 1
@ 1 11 0 6
