15 15 7
W 0 0 9 4
W 1 0 9 0
W 2 0 9 0
@ 8 0 0 0
@ 9 0 0 6
* 10 0 0 0
F 12 0 6 8
W 0 1 9 0
W 1 1 9 2
W 2 1 9 0
# 3 1 10 0
# 6 1 10 0
@ 8 1 0 0
* 9 1 0 0
* 10 1 0 11
" 11 1 0 9
W 0 2 9 4
W 1 2 9 4
W 2 2 9 0
# 3 2 10 0
# 5 2 10 0
# 6 2 10 9
# 7 2 10 0
" 10 2 0 4
W 0 3 9 6
W 1 3 9 1
# 2 3 10 0
# 3 3 10 2
F 4 3 6 9
F 5 3 3 0
# 6 3 10 0
# 7 3 10 9
# 13 3 10 5
% 14 3 99 8
W 0 4 9 4
W 1 4 9 4
W 2 4 9 5
F 3 4 3 0
F 4 4 3 12
F 5 4 3 8
F 6 4 3 1
# 7 4 10 0
" 13 4 0 3
% 14 4 99 0
W 0 5 9 9
W 1 5 9 2
W 2 5 9 2
W 3 5 9 0
F 4 5 3 0
W 5 5 9 0
W 6 5 9 0
# 7 5 10 11
# 8 5 10 0
* 14 5 0 2
W 0 6 9 8
W 1 6 9 11
W 2 6 9 10
W 3 6 9 0
W 4 6 9 0
W 5 6 9 0
W 6 6 9 13
W 7 6 9 2
W 8 6 9 0
* 9 6 0 1
A 10 6 7 7
@ 11 6 0 2
# 14 6 10 0
W 0 7 9 1
W 1 7 9 1
W 2 7 9 4
W 3 7 9 0
# 4 7 10 2
W 5 7 9 4
W 6 7 9 4
W 7 7 9 4
W 8 7 9 12
A 9 7 4 7
* 10 7 0 2
@ 11 7 0 0
W 0 8 9 2
W 1 8 9 0
F 3 8 3 3
* 4 8 0 0
% 6 8 99 0
W 7 8 9 8
W 8 8 9 0
W 9 8 12 2
* 11 8 0 0
S 14 8 4 7
F 0 9 3 2
F 1 9 3 1
W 2 9 9 4
F 3 9 3 3
W 7 9 9 0
W 8 9 9 0
W 9 9 9 0
* 10 9 0 7
* 11 9 0 6
@ 12 9 0 0
F 0 10 3 0
W 1 10 9 9
F 2 10 3 8
F 3 10 3 0
W 4 10 9 3
W 9 10 9 0
* 10 10 0 0
* 11 10 0 1
% 13 10 99 0
T 14 10 2 7
F 0 11 3 8
F 1 11 3 0
F 2 11 3 2
F 3 11 3 5
F 4 11 3 2
F 5 11 3 0
W 8 11 9 8
W 9 11 9 0
# 11 11 10 10
% 12 11 99 1
% 13 11 99 9
% 14 11 99 0
F 0 12 3 4
F 1 12 3 7
W 2 12 9 6
F 3 12 3 1
* 4 12 0 0
# 5 12 10 2
A 6 12 4 7
# 11 12 10 0
F 0 13 3 11
F 1 13 3 6
F 2 13 3 0
F 3 13 3 0
* 4 13 0 11
* 5 13 0 0
% 7 13 99 0
# 0 14 10 0
T 1 14 2 7
F 2 14 3 3
@ 7 14 0 0
T 13 14 2 7
